0 0
5 74.1621
7 73.1423
9 79.7303
10 75.5586
11 74.128
18 73.7188
20 71.9964
21 73.9331
22 79.5996
24 73.0061
25 68.88
26 73.5006
29 71.9464
31 0
38 72.9199
40 76.6526
42 77.378
46 74.9997
54 89.3338
60 72.0368
61 72.0891
62 71.8003
68 78.3837
70 72.0026
72 73.6554
73 74.5069
80 70.9348
87 132.01
92 73.7743
94 72.8753
98 81.9073
99 73.1706
103 71.8774
106 74.0265
107 73.7901
112 73.4428
114 97.8083
116 94.3469
127 77.0989
131 101.986
132 71.6445
142 72.7392
143 74.8605
146 260.259
150 73.8574
154 273.062
155 75.2885
163 72.8874
170 73.6573
173 72.6207
176 76.6042
177 76.15
181 75.4772
182 76.5277
186 72.7858
197 76.184
198 72.5182
200 75.7041
204 80.0558
205 108.585
211 73.4206
219 140.343
220 80.0032
226 76.5086
229 80.6196
234 75.9474
235 74.1374
238 76.3107
239 75.909
240 100.921
244 73.0418
245 74.0768
247 90.9539
259 73.1298
260 74.0464
262 76.6781
263 80.1348
264 72.9281
265 77.491
267 73.1268
268 73.7672
282 71.753
287 73.9289
294 77.3757
298 73.1495
306 73.1214
310 72.0843
314 72.8322
316 71.3292
317 75.92
323 72.0182
324 73.9396
327 78.7392
330 74.9342
336 68.6148
339 77.5103
340 73.4383
341 76.2411
343 71.1261
344 88.3211
345 76.0951
347 74.2932
359 73.7009
363 76.2115
366 82.2779
367 76.8032
373 75.5537
374 76.1448
375 82.2276
379 78.3791
380 77.1238
382 73.5569
387 74.0975
391 86.9346
398 72.4576
404 74.2847
405 98.6855
411 72.461
416 74.5825
418 73.195
420 79.5412
424 74.1588
428 205.954
430 652.706
431 74.3182
435 80.0951
440 71.2399
444 76.5601
450 74.4373
452 72.991
453 73.4239
454 80.8413
458 74.6699
469 186.755
470 77.0766
471 71.8797
482 73.6834
484 80.5464
487 77.1191
490 75.6439
491 78.9351
493 76.851
501 72.9251
502 71.2458
505 77.8782
509 72.2286
510 80.0594
511 74.7971
513 79.6551
516 73.4821
518 79.1156
524 80.5815
526 74.4357
528 78.1804
531 71.8153
533 73.4511
542 108.132
544 78.1557
550 72.9654
552 194.089
553 76.5138
556 80.0398
557 74.4473
562 74.2327
566 156.305
571 77.1182
573 73.4411
580 80.3183
583 74.8629
584 76.609
585 82.5836
587 83.9712
594 73.5697
596 79.4726
606 72.8281
607 72.1761
613 99.5878
615 73.7212
617 75.9117
618 74.833
619 75.3081
625 72.0249
635 150.946
640 75.7624
647 77.4327
649 74.8064
651 76.767
656 80.2119
657 74.5526
671 75.5675
679 74.3317
680 73.4185
681 79.233
686 74.3492
693 71.2389
696 71.2234
697 77.8587
698 74.1835
699 71.2281
703 74.7765
704 73.3293
705 76.7586
709 72.3904
710 75.3383
713 81.4766
726 88.8947
728 75.7016
730 72.42
733 78.6535
742 387.671
744 75.755
745 103.226
746 90.6323
747 81.6044
748 88.5018
757 68.7618
759 72.799
762 88.8784
763 80.7387
766 136.075
768 72.3172
771 70.6498
774 81.5859
779 71.7101
786 74.269
789 78.6597
790 74.3034
795 94.9989
797 142.704
803 77.9817
812 73.9086
815 78.6203
817 73.1913
818 74.7961
819 73.469
825 69.5014
832 75.0013
834 81.6976
844 74.867
849 73.5935
851 75.1082
853 82.5872
855 78.4105
856 72.9971
860 73.3417
863 71.8993
868 80.3349
870 84.3697
871 78.7658
872 79.0765
873 94.2008
881 76.8315
887 73.9317
890 79.16
896 97.2554
899 85.1812
900 74.792
902 77.5101
904 99.0623
906 76.8464
909 74.0387
918 80.6278
922 75.351
924 76.5491
927 90.2825
929 72.4418
931 71.8721
933 77.3871
937 72.5491
942 70.0147
943 73.455
945 82.0756
948 77.6035
950 73.4624
952 71.1696
953 77.2437
954 73.1946
955 79.1044
956 81.3603
957 79.466
959 77.0939
973 72.1826
974 77.6907
975 76.5638
979 78.336
980 71.1396
984 222.234
986 75.6967
988 72.4786
989 74.4579
992 73.8464
995 155.466
996 73.3894
